|  Loan: 3800000  |  Years: 30  |  Interest: 2183560  |  Monthly Payment: 16621  |
==================================================================================
|     Payment     |  Interest   |      Principal      |       Left to Pay        |
==================================================================================
|        1        |   16,405    |         216         |        5,983,560         |
|        2        |   16,405    |         216         |        5,983,560         |
|        3        |   16,405    |         216         |        5,983,560         |
|        4        |   16,405    |         216         |        5,983,560         |
|        5        |   16,405    |         216         |        5,983,560         |
|        6        |   16,405    |         216         |        5,983,560         |
|        7        |   16,405    |         216         |        5,983,560         |
|        8        |   16,405    |         216         |        5,983,560         |
|        9        |   16,405    |         216         |        5,983,560         |
|       10        |   16,405    |         216         |        5,983,560         |
|       11        |   16,405    |         216         |        5,983,560         |
|       12        |   16,405    |         216         |        5,983,560         |
|       13        |   16,405    |         216         |        5,983,560         |
|       14        |   16,405    |         216         |        5,983,560         |
|       15        |   16,405    |         216         |        5,983,560         |
|       16        |   16,405    |         216         |        5,983,560         |
|       17        |   16,405    |         216         |        5,983,560         |
|       18        |   16,405    |         216         |        5,983,560         |
|       19        |   16,405    |         216         |        5,983,560         |
|       20        |   16,405    |         216         |        5,983,560         |
|       21        |   16,405    |         216         |        5,983,560         |
|       22        |   16,405    |         216         |        5,983,560         |
|       23        |   16,405    |         216         |        5,983,560         |
|       24        |   16,405    |         216         |        5,983,560         |
|       25        |   16,405    |         216         |        5,983,560         |
|       26        |   16,405    |         216         |        5,983,560         |
|       27        |   16,405    |         216         |        5,983,560         |
|       28        |   16,405    |         216         |        5,983,560         |
|       29        |   16,405    |         216         |        5,983,560         |
|       30        |   16,405    |         216         |        5,983,560         |
|       31        |   16,405    |         216         |        5,983,560         |
|       32        |   16,405    |         216         |        5,983,560         |
|       33        |   16,405    |         216         |        5,983,560         |
|       34        |   16,405    |         216         |        5,983,560         |
|       35        |   16,405    |         216         |        5,983,560         |
|       36        |   16,405    |         216         |        5,983,560         |
|       37        |   16,405    |         216         |        5,983,560         |
|       38        |   16,405    |         216         |        5,983,560         |
|       39        |   16,405    |         216         |        5,983,560         |
|       40        |   16,405    |         216         |        5,983,560         |
|       41        |   16,405    |         216         |        5,983,560         |
|       42        |   16,405    |         216         |        5,983,560         |
|       43        |   16,405    |         216         |        5,983,560         |
|       44        |   16,405    |         216         |        5,983,560         |
|       45        |   16,405    |         216         |        5,983,560         |
|       46        |   16,405    |         216         |        5,983,560         |
|       47        |   16,405    |         216         |        5,983,560         |
|       48        |   16,405    |         216         |        5,983,560         |
|       49        |   16,405    |         216         |        5,983,560         |
|       50        |   16,405    |         216         |        5,983,560         |
|       51        |   16,405    |         216         |        5,983,560         |
|       52        |   16,405    |         216         |        5,983,560         |
|       53        |   16,405    |         216         |        5,983,560         |
|       54        |   16,405    |         216         |        5,983,560         |
|       55        |   16,405    |         216         |        5,983,560         |
|       56        |   16,405    |         216         |        5,983,560         |
|       57        |   16,405    |         216         |        5,983,560         |
|       58        |   16,405    |         216         |        5,983,560         |
|       59        |   16,405    |         216         |        5,983,560         |
|       60        |   16,405    |         216         |        5,983,560         |
|       61        |   16,405    |         216         |        5,983,560         |
|       62        |   16,405    |         216         |        5,983,560         |
|       63        |   16,405    |         216         |        5,983,560         |
|       64        |   16,405    |         216         |        5,983,560         |
|       65        |   16,405    |         216         |        5,983,560         |
|       66        |   16,405    |         216         |        5,983,560         |
|       67        |   16,405    |         216         |        5,983,560         |
|       68        |   16,405    |         216         |        5,983,560         |
|       69        |   16,405    |         216         |        5,983,560         |
|       70        |   16,405    |         216         |        5,983,560         |
|       71        |   16,405    |         216         |        5,983,560         |
|       72        |   16,405    |         216         |        5,983,560         |
|       73        |   16,405    |         216         |        5,983,560         |
|       74        |   16,405    |         216         |        5,983,560         |
|       75        |   16,405    |         216         |        5,983,560         |
|       76        |   16,405    |         216         |        5,983,560         |
|       77        |   16,405    |         216         |        5,983,560         |
|       78        |   16,405    |         216         |        5,983,560         |
|       79        |   16,405    |         216         |        5,983,560         |
|       80        |   16,405    |         216         |        5,983,560         |
|       81        |   16,405    |         216         |        5,983,560         |
|       82        |   16,405    |         216         |        5,983,560         |
|       83        |   16,405    |         216         |        5,983,560         |
|       84        |   16,405    |         216         |        5,983,560         |
|       85        |   16,405    |         216         |        5,983,560         |
|       86        |   16,405    |         216         |        5,983,560         |
|       87        |   16,405    |         216         |        5,983,560         |
|       88        |   16,405    |         216         |        5,983,560         |
|       89        |   16,405    |         216         |        5,983,560         |
|       90        |   16,405    |         216         |        5,983,560         |
|       91        |   16,405    |         216         |        5,983,560         |
|       92        |   16,405    |         216         |        5,983,560         |
|       93        |   16,405    |         216         |        5,983,560         |
|       94        |   16,405    |         216         |        5,983,560         |
|       95        |   16,405    |         216         |        5,983,560         |
|       96        |   16,405    |         216         |        5,983,560         |
|       97        |   16,405    |         216         |        5,983,560         |
|       98        |   16,405    |         216         |        5,983,560         |
|       99        |   16,405    |         216         |        5,983,560         |
|       100       |   16,405    |         216         |        5,983,560         |
|       101       |   16,405    |         216         |        5,983,560         |
|       102       |   16,405    |         216         |        5,983,560         |
|       103       |   16,405    |         216         |        5,983,560         |
|       104       |   16,405    |         216         |        5,983,560         |
|       105       |   16,405    |         216         |        5,983,560         |
|       106       |   16,405    |         216         |        5,983,560         |
|       107       |   16,405    |         216         |        5,983,560         |
|       108       |   16,405    |         216         |        5,983,560         |
|       109       |   16,405    |         216         |        5,983,560         |
|       110       |   16,405    |         216         |        5,983,560         |
|       111       |   16,405    |         216         |        5,983,560         |
|       112       |   16,405    |         216         |        5,983,560         |
|       113       |   16,405    |         216         |        5,983,560         |
|       114       |   16,405    |         216         |        5,983,560         |
|       115       |   16,405    |         216         |        5,983,560         |
|       116       |   16,405    |         216         |        5,983,560         |
|       117       |   16,405    |         216         |        5,983,560         |
|       118       |   16,405    |         216         |        5,983,560         |
|       119       |   16,405    |         216         |        5,983,560         |
|       120       |   16,405    |         216         |        5,983,560         |
|       121       |   16,405    |         216         |        5,983,560         |
|       122       |   16,405    |         216         |        5,983,560         |
|       123       |   16,405    |         216         |        5,983,560         |
|       124       |   16,405    |         216         |        5,983,560         |
|       125       |   16,405    |         216         |        5,983,560         |
|       126       |   16,405    |         216         |        5,983,560         |
|       127       |   16,405    |         216         |        5,983,560         |
|       128       |   16,405    |         216         |        5,983,560         |
|       129       |   16,405    |         216         |        5,983,560         |
|       130       |   16,405    |         216         |        5,983,560         |
|       131       |   16,405    |         216         |        5,983,560         |
|       132       |   16,405    |         216         |        5,983,560         |
|       133       |   16,405    |         216         |        5,983,560         |
|       134       |   16,405    |         216         |        5,983,560         |
|       135       |   16,405    |         216         |        5,983,560         |
|       136       |   16,405    |         216         |        5,983,560         |
|       137       |   16,405    |         216         |        5,983,560         |
|       138       |   16,405    |         216         |        5,983,560         |
|       139       |   16,405    |         216         |        5,983,560         |
|       140       |   16,405    |         216         |        5,983,560         |
|       141       |   16,405    |         216         |        5,983,560         |
|       142       |   16,405    |         216         |        5,983,560         |
|       143       |   16,405    |         216         |        5,983,560         |
|       144       |   16,405    |         216         |        5,983,560         |
|       145       |   16,405    |         216         |        5,983,560         |
|       146       |   16,405    |         216         |        5,983,560         |
|       147       |   16,405    |         216         |        5,983,560         |
|       148       |   16,405    |         216         |        5,983,560         |
|       149       |   16,405    |         216         |        5,983,560         |
|       150       |   16,405    |         216         |        5,983,560         |
|       151       |   16,405    |         216         |        5,983,560         |
|       152       |   16,405    |         216         |        5,983,560         |
|       153       |   16,405    |         216         |        5,983,560         |
|       154       |   16,405    |         216         |        5,983,560         |
|       155       |   16,405    |         216         |        5,983,560         |
|       156       |   16,405    |         216         |        5,983,560         |
|       157       |   16,405    |         216         |        5,983,560         |
|       158       |   16,405    |         216         |        5,983,560         |
|       159       |   16,405    |         216         |        5,983,560         |
|       160       |   16,405    |         216         |        5,983,560         |
|       161       |   16,405    |         216         |        5,983,560         |
|       162       |   16,405    |         216         |        5,983,560         |
|       163       |   16,405    |         216         |        5,983,560         |
|       164       |   16,405    |         216         |        5,983,560         |
|       165       |   16,405    |         216         |        5,983,560         |
|       166       |   16,405    |         216         |        5,983,560         |
|       167       |   16,405    |         216         |        5,983,560         |
|       168       |   16,405    |         216         |        5,983,560         |
|       169       |   16,405    |         216         |        5,983,560         |
|       170       |   16,405    |         216         |        5,983,560         |
|       171       |   16,405    |         216         |        5,983,560         |
|       172       |   16,405    |         216         |        5,983,560         |
|       173       |   16,405    |         216         |        5,983,560         |
|       174       |   16,405    |         216         |        5,983,560         |
|       175       |   16,405    |         216         |        5,983,560         |
|       176       |   16,405    |         216         |        5,983,560         |
|       177       |   16,405    |         216         |        5,983,560         |
|       178       |   16,405    |         216         |        5,983,560         |
|       179       |   16,405    |         216         |        5,983,560         |
|       180       |   16,405    |         216         |        5,983,560         |
|       181       |   16,405    |         216         |        5,983,560         |
|       182       |   16,405    |         216         |        5,983,560         |
|       183       |   16,405    |         216         |        5,983,560         |
|       184       |   16,405    |         216         |        5,983,560         |
|       185       |   16,405    |         216         |        5,983,560         |
|       186       |   16,405    |         216         |        5,983,560         |
|       187       |   16,405    |         216         |        5,983,560         |
|       188       |   16,405    |         216         |        5,983,560         |
|       189       |   16,405    |         216         |        5,983,560         |
|       190       |   16,405    |         216         |        5,983,560         |
|       191       |   16,405    |         216         |        5,983,560         |
|       192       |   16,405    |         216         |        5,983,560         |
|       193       |   16,405    |         216         |        5,983,560         |
|       194       |   16,405    |         216         |        5,983,560         |
|       195       |   16,405    |         216         |        5,983,560         |
|       196       |   16,405    |         216         |        5,983,560         |
|       197       |   16,405    |         216         |        5,983,560         |
|       198       |   16,405    |         216         |        5,983,560         |
|       199       |   16,405    |         216         |        5,983,560         |
|       200       |   16,405    |         216         |        5,983,560         |
|       201       |   16,405    |         216         |        5,983,560         |
|       202       |   16,405    |         216         |        5,983,560         |
|       203       |   16,405    |         216         |        5,983,560         |
|       204       |   16,405    |         216         |        5,983,560         |
|       205       |   16,405    |         216         |        5,983,560         |
|       206       |   16,405    |         216         |        5,983,560         |
|       207       |   16,405    |         216         |        5,983,560         |
|       208       |   16,405    |         216         |        5,983,560         |
|       209       |   16,405    |         216         |        5,983,560         |
|       210       |   16,405    |         216         |        5,983,560         |
|       211       |   16,405    |         216         |        5,983,560         |
|       212       |   16,405    |         216         |        5,983,560         |
|       213       |   16,405    |         216         |        5,983,560         |
|       214       |   16,405    |         216         |        5,983,560         |
|       215       |   16,405    |         216         |        5,983,560         |
|       216       |   16,405    |         216         |        5,983,560         |
|       217       |   16,405    |         216         |        5,983,560         |
|       218       |   16,405    |         216         |        5,983,560         |
|       219       |   16,405    |         216         |        5,983,560         |
|       220       |   16,405    |         216         |        5,983,560         |
|       221       |   16,405    |         216         |        5,983,560         |
|       222       |   16,405    |         216         |        5,983,560         |
|       223       |   16,405    |         216         |        5,983,560         |
|       224       |   16,405    |         216         |        5,983,560         |
|       225       |   16,405    |         216         |        5,983,560         |
|       226       |   16,405    |         216         |        5,983,560         |
|       227       |   16,405    |         216         |        5,983,560         |
|       228       |   16,405    |         216         |        5,983,560         |
|       229       |   16,405    |         216         |        5,983,560         |
|       230       |   16,405    |         216         |        5,983,560         |
|       231       |   16,405    |         216         |        5,983,560         |
|       232       |   16,405    |         216         |        5,983,560         |
|       233       |   16,405    |         216         |        5,983,560         |
|       234       |   16,405    |         216         |        5,983,560         |
|       235       |   16,405    |         216         |        5,983,560         |
|       236       |   16,405    |         216         |        5,983,560         |
|       237       |   16,405    |         216         |        5,983,560         |
|       238       |   16,405    |         216         |        5,983,560         |
|       239       |   16,405    |         216         |        5,983,560         |
|       240       |   16,405    |         216         |        5,983,560         |
|       241       |   16,405    |         216         |        5,983,560         |
|       242       |   16,405    |         216         |        5,983,560         |
|       243       |   16,405    |         216         |        5,983,560         |
|       244       |   16,405    |         216         |        5,983,560         |
|       245       |   16,405    |         216         |        5,983,560         |
|       246       |   16,405    |         216         |        5,983,560         |
|       247       |   16,405    |         216         |        5,983,560         |
|       248       |   16,405    |         216         |        5,983,560         |
|       249       |   16,405    |         216         |        5,983,560         |
|       250       |   16,405    |         216         |        5,983,560         |
|       251       |   16,405    |         216         |        5,983,560         |
|       252       |   16,405    |         216         |        5,983,560         |
|       253       |   16,405    |         216         |        5,983,560         |
|       254       |   16,405    |         216         |        5,983,560         |
|       255       |   16,405    |         216         |        5,983,560         |
|       256       |   16,405    |         216         |        5,983,560         |
|       257       |   16,405    |         216         |        5,983,560         |
|       258       |   16,405    |         216         |        5,983,560         |
|       259       |   16,405    |         216         |        5,983,560         |
|       260       |   16,405    |         216         |        5,983,560         |
|       261       |   16,405    |         216         |        5,983,560         |
|       262       |   16,405    |         216         |        5,983,560         |
|       263       |   16,405    |         216         |        5,983,560         |
|       264       |   16,405    |         216         |        5,983,560         |
|       265       |   16,405    |         216         |        5,983,560         |
|       266       |   16,405    |         216         |        5,983,560         |
|       267       |   16,405    |         216         |        5,983,560         |
|       268       |   16,405    |         216         |        5,983,560         |
|       269       |   16,405    |         216         |        5,983,560         |
|       270       |   16,405    |         216         |        5,983,560         |
|       271       |   16,405    |         216         |        5,983,560         |
|       272       |   16,405    |         216         |        5,983,560         |
|       273       |   16,405    |         216         |        5,983,560         |
|       274       |   16,405    |         216         |        5,983,560         |
|       275       |   16,405    |         216         |        5,983,560         |
|       276       |   16,405    |         216         |        5,983,560         |
|       277       |   16,405    |         216         |        5,983,560         |
|       278       |   16,405    |         216         |        5,983,560         |
|       279       |   16,405    |         216         |        5,983,560         |
|       280       |   16,405    |         216         |        5,983,560         |
|       281       |   16,405    |         216         |        5,983,560         |
|       282       |   16,405    |         216         |        5,983,560         |
|       283       |   16,405    |         216         |        5,983,560         |
|       284       |   16,405    |         216         |        5,983,560         |
|       285       |   16,405    |         216         |        5,983,560         |
|       286       |   16,405    |         216         |        5,983,560         |
|       287       |   16,405    |         216         |        5,983,560         |
|       288       |   16,405    |         216         |        5,983,560         |
|       289       |   16,405    |         216         |        5,983,560         |
|       290       |   16,405    |         216         |        5,983,560         |
|       291       |   16,405    |         216         |        5,983,560         |
|       292       |   16,405    |         216         |        5,983,560         |
|       293       |   16,405    |         216         |        5,983,560         |
|       294       |   16,405    |         216         |        5,983,560         |
|       295       |   16,405    |         216         |        5,983,560         |
|       296       |   16,405    |         216         |        5,983,560         |
|       297       |   16,405    |         216         |        5,983,560         |
|       298       |   16,405    |         216         |        5,983,560         |
|       299       |   16,405    |         216         |        5,983,560         |
|       300       |   16,405    |         216         |        5,983,560         |
|       301       |   16,405    |         216         |        5,983,560         |
|       302       |   16,405    |         216         |        5,983,560         |
|       303       |   16,405    |         216         |        5,983,560         |
|       304       |   16,405    |         216         |        5,983,560         |
|       305       |   16,405    |         216         |        5,983,560         |
|       306       |   16,405    |         216         |        5,983,560         |
|       307       |   16,405    |         216         |        5,983,560         |
|       308       |   16,405    |         216         |        5,983,560         |
|       309       |   16,405    |         216         |        5,983,560         |
|       310       |   16,405    |         216         |        5,983,560         |
|       311       |   16,405    |         216         |        5,983,560         |
|       312       |   16,405    |         216         |        5,983,560         |
|       313       |   16,405    |         216         |        5,983,560         |
|       314       |   16,405    |         216         |        5,983,560         |
|       315       |   16,405    |         216         |        5,983,560         |
|       316       |   16,405    |         216         |        5,983,560         |
|       317       |   16,405    |         216         |        5,983,560         |
|       318       |   16,405    |         216         |        5,983,560         |
|       319       |   16,405    |         216         |        5,983,560         |
|       320       |   16,405    |         216         |        5,983,560         |
|       321       |   16,405    |         216         |        5,983,560         |
|       322       |   16,405    |         216         |        5,983,560         |
|       323       |   16,405    |         216         |        5,983,560         |
|       324       |   16,405    |         216         |        5,983,560         |
|       325       |   16,405    |         216         |        5,983,560         |
|       326       |   16,405    |         216         |        5,983,560         |
|       327       |   16,405    |         216         |        5,983,560         |
|       328       |   16,405    |         216         |        5,983,560         |
|       329       |   16,405    |         216         |        5,983,560         |
|       330       |   16,405    |         216         |        5,983,560         |
|       331       |   16,405    |         216         |        5,983,560         |
|       332       |   16,405    |         216         |        5,983,560         |
|       333       |   16,405    |         216         |        5,983,560         |
|       334       |   16,405    |         216         |        5,983,560         |
|       335       |   16,405    |         216         |        5,983,560         |
|       336       |   16,405    |         216         |        5,983,560         |
|       337       |   16,405    |         216         |        5,983,560         |
|       338       |   16,405    |         216         |        5,983,560         |
|       339       |   16,405    |         216         |        5,983,560         |
|       340       |   16,405    |         216         |        5,983,560         |
|       341       |   16,405    |         216         |        5,983,560         |
|       342       |   16,405    |         216         |        5,983,560         |
|       343       |   16,405    |         216         |        5,983,560         |
|       344       |   16,405    |         216         |        5,983,560         |
|       345       |   16,405    |         216         |        5,983,560         |
|       346       |   16,405    |         216         |        5,983,560         |
|       347       |   16,405    |         216         |        5,983,560         |
|       348       |   16,405    |         216         |        5,983,560         |
|       349       |   16,405    |         216         |        5,983,560         |
|       350       |   16,405    |         216         |        5,983,560         |
|       351       |   16,405    |         216         |        5,983,560         |
|       352       |   16,405    |         216         |        5,983,560         |
|       353       |   16,405    |         216         |        5,983,560         |
|       354       |   16,405    |         216         |        5,983,560         |
|       355       |   16,405    |         216         |        5,983,560         |
|       356       |   16,405    |         216         |        5,983,560         |
|       357       |   16,405    |         216         |        5,983,560         |
|       358       |   16,405    |         216         |        5,983,560         |
|       359       |   16,405    |         216         |        5,983,560         |
|       360       |   16,405    |         216         |        5,983,560         |